-47.3136 -5.74815 36.823 42.0283
-48.3764 -45.8948 41.4546 48.5953
-46.5621 -36.0885 47.769 50.2763
-37.0889 -12.6665 49.1522 51.694
-13.9813 1.40187 47.949 49.55
1.32478 2.29509 44.062 49.3914
2.18695 3.15725 38.9235 44.2529
2.87404 5.78362 27.2716 43.2525
2.96208 18.9157 15.9371 28.6488
16.3738 21.147 28.5049 39.6697
18.7001 54.2784 35.8964 39.2506
50.1509 53.505 -0.74888 35.4425
48.7809 52.1351 34.5148 38.2672
49.025 52.3791 -38.4378 6.71852
18.5891 54.1674 -38.1417 -34.7876
18.2679 21.622 -51.2233 -34.8594
-17.1842 19.5466 -50.043 -46.6889
16.7235 20.0358 -48.7558 -45.4017
-20.6084 -17.2543 -46.1035 -32.679
-18.4833 -9.1533 -49.9643 -45.1943
-21.663 -17.2602 -32.712 -28.0535
-41.6721 -19.1812 -29.2421 -25.5641
-41.3262 -37.6481 -61.0476 -28.3986
-41.9817 -38.3036 -43.0019 -28.8645
-52.1387 -48.4606 -59.0087 -26.3597
-53.2113 -49.5333 -26.4706 -17.7291
-52.377 -48.699 -18.9946 -14.3593
-48.9336 -31.5543 -17.3856 -12.7503
-41.1031 -23.7238 -18.2795 -13.6442
-26.4075 -9.02826 -19.2091 -14.5738
-9.9167 -5.28138 -39.4185 -22.0393
-9.9167 -5.28138 -39.4185 -22.0393
-9.3446 -4.70929 -23.2559 -17.0346
-9.87247 10.9432 -40.1977 -35.5624
7.24601 11.8813 -36.9342 -31.9131
6.85866 11.494 -32.1668 -27.1457
8.84779 42.6632 -27.5844 -22.5632
37.4042 42.4253 -23.0853 10.7301
38.7083 42.8731 -0.202767 11.3965
38.8113 42.9761 11.2276 22.8269
27.3667 42.2638 22.6073 28.753
27.4117 30.2764 26.494 29.2999
27.5077 30.9432 8.57271 23.8013
12.7914 28.02 5.9177 9.35318
-5.29854 -3.44397 8.54639 10.2577
-5.50979 12.999 5.94253 9.37801
-7.41264 -3.97716 9.13257 27.6413
-8.80711 -5.37163 22.9342 41.443
-8.1635 -4.72803 25.1262 32.243
26.8918 28.7464 8.23747 9.94877
-24.5223 -23.6206 42.4147 43.3084
-23.5782 -22.8446 42.507 43.2342
-3.91463 -3.19302 44.4401 45.1554
-3.23206 -2.2602 43.8795 44.8428
-2.07187 1.2099 27.7146 29.4326
22.6608 23.796 14.7937 15.882
23.7293 25.3177 13.8975 15.4202
-3.96886 -3.23972 9.68357 10.2543
26.6361 27.3653 9.47748 10.1462
45.7322 47.4458 16.0019 19.3668
43.7963 45.0745 -27.4131 -26.1683
42.928 43.8756 -26.6108 -25.6881
26.7769 27.4044 -30.0271 -29.416
28.4889 29.6136 -33.5803 -32.4851
28.416 29.6342 -34.7627 -33.5765
8.95716 9.72107 -42.8075 -42.0636
2.63263 3.62111 -44.4486 -43.486
-13.7915 -12.7791 -25.1581 -24.1723
-15.3667 -13.9953 -24.6917 -23.3562
-32.4798 -29.1495 -22.4449 -20.7115